structure(list(country = structure(c(1L, 1L, 1L, 1L, 1L, 1L, 
1L, 1L, 1L, 1L, 1L, 1L, 2L, 2L, 2L, 2L, 2L, 2L, 2L, 2L, 2L, 2L, 
2L, 2L, 3L, 3L, 3L, 3L, 3L, 3L, 3L, 3L, 3L, 3L, 3L, 3L, 4L, 4L, 
4L, 4L, 4L, 4L, 4L, 4L, 4L, 4L, 4L, 4L, 5L, 5L, 5L, 5L, 5L, 5L, 
5L, 5L, 5L, 5L, 5L, 5L, 6L, 6L, 6L, 6L, 6L, 6L, 6L, 6L, 6L, 6L, 
6L, 6L, 7L, 7L, 7L, 7L, 7L, 7L, 7L, 7L, 7L, 7L, 7L, 7L, 8L, 8L, 
8L, 8L, 8L, 8L, 8L, 8L, 8L, 8L, 8L, 8L, 9L, 9L, 9L, 9L, 9L, 9L, 
9L, 9L, 9L, 9L, 9L, 9L, 10L, 10L, 10L, 10L, 10L, 10L, 10L, 10L, 
10L, 10L, 10L, 10L, 11L, 11L, 11L, 11L, 11L, 11L, 11L, 11L, 11L, 
11L, 11L, 11L, 12L, 12L, 12L, 12L, 12L, 12L, 12L, 12L, 12L, 12L, 
12L, 12L, 13L, 13L, 13L, 13L, 13L, 13L, 13L, 13L, 13L, 13L, 13L, 
13L, 14L, 14L, 14L, 14L, 14L, 14L, 14L, 14L, 14L, 14L, 14L, 14L, 
15L, 15L, 15L, 15L, 15L, 15L, 15L, 15L, 15L, 15L, 15L, 15L, 16L, 
16L, 16L, 16L, 16L, 16L, 16L, 16L, 16L, 16L, 16L, 16L, 17L, 17L, 
17L, 17L, 17L, 17L, 17L, 17L, 17L, 17L, 17L, 17L, 18L, 18L, 18L, 
18L, 18L, 18L, 18L, 18L, 18L, 18L, 18L, 18L, 19L, 19L, 19L, 19L, 
19L, 19L, 19L, 19L, 19L, 19L, 19L, 19L, 20L, 20L, 20L, 20L, 20L, 
20L, 20L, 20L, 20L, 20L, 20L, 20L, 21L, 21L, 21L, 21L, 21L, 21L, 
21L, 21L, 21L, 21L, 21L, 21L, 22L, 22L, 22L, 22L, 22L, 22L, 22L, 
22L, 22L, 22L, 22L, 22L, 23L, 23L, 23L, 23L, 23L, 23L, 23L, 23L, 
23L, 23L, 23L, 23L, 24L, 24L, 24L, 24L, 24L, 24L, 24L, 24L, 24L, 
24L, 24L, 24L, 25L, 25L, 25L, 25L, 25L, 25L, 25L, 25L, 25L, 25L, 
25L, 25L), .Label = c("Argentina", "Bolivia", "Brazil", "Canada", 
"Chile", "Colombia", "Costa Rica", "Cuba", "Dominican Republic", 
"Ecuador", "El Salvador", "Guatemala", "Haiti", "Honduras", "Jamaica", 
"Mexico", "Nicaragua", "Panama", "Paraguay", "Peru", "Puerto Rico", 
"Trinidad and Tobago", "United States", "Uruguay", "Venezuela"
), class = "factor"), continent = structure(c(1L, 1L, 1L, 1L, 
1L, 1L, 1L, 1L, 1L, 1L, 1L, 1L, 1L, 1L, 1L, 1L, 1L, 1L, 1L, 1L, 
1L, 1L, 1L, 1L, 1L, 1L, 1L, 1L, 1L, 1L, 1L, 1L, 1L, 1L, 1L, 1L, 
1L, 1L, 1L, 1L, 1L, 1L, 1L, 1L, 1L, 1L, 1L, 1L, 1L, 1L, 1L, 1L, 
1L, 1L, 1L, 1L, 1L, 1L, 1L, 1L, 1L, 1L, 1L, 1L, 1L, 1L, 1L, 1L, 
1L, 1L, 1L, 1L, 1L, 1L, 1L, 1L, 1L, 1L, 1L, 1L, 1L, 1L, 1L, 1L, 
1L, 1L, 1L, 1L, 1L, 1L, 1L, 1L, 1L, 1L, 1L, 1L, 1L, 1L, 1L, 1L, 
1L, 1L, 1L, 1L, 1L, 1L, 1L, 1L, 1L, 1L, 1L, 1L, 1L, 1L, 1L, 1L, 
1L, 1L, 1L, 1L, 1L, 1L, 1L, 1L, 1L, 1L, 1L, 1L, 1L, 1L, 1L, 1L, 
1L, 1L, 1L, 1L, 1L, 1L, 1L, 1L, 1L, 1L, 1L, 1L, 1L, 1L, 1L, 1L, 
1L, 1L, 1L, 1L, 1L, 1L, 1L, 1L, 1L, 1L, 1L, 1L, 1L, 1L, 1L, 1L, 
1L, 1L, 1L, 1L, 1L, 1L, 1L, 1L, 1L, 1L, 1L, 1L, 1L, 1L, 1L, 1L, 
1L, 1L, 1L, 1L, 1L, 1L, 1L, 1L, 1L, 1L, 1L, 1L, 1L, 1L, 1L, 1L, 
1L, 1L, 1L, 1L, 1L, 1L, 1L, 1L, 1L, 1L, 1L, 1L, 1L, 1L, 1L, 1L, 
1L, 1L, 1L, 1L, 1L, 1L, 1L, 1L, 1L, 1L, 1L, 1L, 1L, 1L, 1L, 1L, 
1L, 1L, 1L, 1L, 1L, 1L, 1L, 1L, 1L, 1L, 1L, 1L, 1L, 1L, 1L, 1L, 
1L, 1L, 1L, 1L, 1L, 1L, 1L, 1L, 1L, 1L, 1L, 1L, 1L, 1L, 1L, 1L, 
1L, 1L, 1L, 1L, 1L, 1L, 1L, 1L, 1L, 1L, 1L, 1L, 1L, 1L, 1L, 1L, 
1L, 1L, 1L, 1L, 1L, 1L, 1L, 1L, 1L, 1L, 1L, 1L, 1L, 1L, 1L, 1L, 
1L, 1L, 1L, 1L, 1L, 1L, 1L, 1L), .Label = "Americas", class = "factor"), 
    year = c(1952L, 1957L, 1962L, 1967L, 1972L, 1977L, 1982L, 
    1987L, 1992L, 1997L, 2002L, 2007L, 1952L, 1957L, 1962L, 1967L, 
    1972L, 1977L, 1982L, 1987L, 1992L, 1997L, 2002L, 2007L, 1952L, 
    1957L, 1962L, 1967L, 1972L, 1977L, 1982L, 1987L, 1992L, 1997L, 
    2002L, 2007L, 1952L, 1957L, 1962L, 1967L, 1972L, 1977L, 1982L, 
    1987L, 1992L, 1997L, 2002L, 2007L, 1952L, 1957L, 1962L, 1967L, 
    1972L, 1977L, 1982L, 1987L, 1992L, 1997L, 2002L, 2007L, 1952L, 
    1957L, 1962L, 1967L, 1972L, 1977L, 1982L, 1987L, 1992L, 1997L, 
    2002L, 2007L, 1952L, 1957L, 1962L, 1967L, 1972L, 1977L, 1982L, 
    1987L, 1992L, 1997L, 2002L, 2007L, 1952L, 1957L, 1962L, 1967L, 
    1972L, 1977L, 1982L, 1987L, 1992L, 1997L, 2002L, 2007L, 1952L, 
    1957L, 1962L, 1967L, 1972L, 1977L, 1982L, 1987L, 1992L, 1997L, 
    2002L, 2007L, 1952L, 1957L, 1962L, 1967L, 1972L, 1977L, 1982L, 
    1987L, 1992L, 1997L, 2002L, 2007L, 1952L, 1957L, 1962L, 1967L, 
    1972L, 1977L, 1982L, 1987L, 1992L, 1997L, 2002L, 2007L, 1952L, 
    1957L, 1962L, 1967L, 1972L, 1977L, 1982L, 1987L, 1992L, 1997L, 
    2002L, 2007L, 1952L, 1957L, 1962L, 1967L, 1972L, 1977L, 1982L, 
    1987L, 1992L, 1997L, 2002L, 2007L, 1952L, 1957L, 1962L, 1967L, 
    1972L, 1977L, 1982L, 1987L, 1992L, 1997L, 2002L, 2007L, 1952L, 
    1957L, 1962L, 1967L, 1972L, 1977L, 1982L, 1987L, 1992L, 1997L, 
    2002L, 2007L, 1952L, 1957L, 1962L, 1967L, 1972L, 1977L, 1982L, 
    1987L, 1992L, 1997L, 2002L, 2007L, 1952L, 1957L, 1962L, 1967L, 
    1972L, 1977L, 1982L, 1987L, 1992L, 1997L, 2002L, 2007L, 1952L, 
    1957L, 1962L, 1967L, 1972L, 1977L, 1982L, 1987L, 1992L, 1997L, 
    2002L, 2007L, 1952L, 1957L, 1962L, 1967L, 1972L, 1977L, 1982L, 
    1987L, 1992L, 1997L, 2002L, 2007L, 1952L, 1957L, 1962L, 1967L, 
    1972L, 1977L, 1982L, 1987L, 1992L, 1997L, 2002L, 2007L, 1952L, 
    1957L, 1962L, 1967L, 1972L, 1977L, 1982L, 1987L, 1992L, 1997L, 
    2002L, 2007L, 1952L, 1957L, 1962L, 1967L, 1972L, 1977L, 1982L, 
    1987L, 1992L, 1997L, 2002L, 2007L, 1952L, 1957L, 1962L, 1967L, 
    1972L, 1977L, 1982L, 1987L, 1992L, 1997L, 2002L, 2007L, 1952L, 
    1957L, 1962L, 1967L, 1972L, 1977L, 1982L, 1987L, 1992L, 1997L, 
    2002L, 2007L, 1952L, 1957L, 1962L, 1967L, 1972L, 1977L, 1982L, 
    1987L, 1992L, 1997L, 2002L, 2007L), lifeExp = c(62.485, 64.399, 
    65.142, 65.634, 67.065, 68.481, 69.942, 70.774, 71.868, 73.275, 
    74.34, 75.32, 40.414, 41.89, 43.428, 45.032, 46.714, 50.023, 
    53.859, 57.251, 59.957, 62.05, 63.883, 65.554, 50.917, 53.285, 
    55.665, 57.632, 59.504, 61.489, 63.336, 65.205, 67.057, 69.388, 
    71.006, 72.39, 68.75, 69.96, 71.3, 72.13, 72.88, 74.21, 75.76, 
    76.86, 77.95, 78.61, 79.77, 80.653, 54.745, 56.074, 57.924, 
    60.523, 63.441, 67.052, 70.565, 72.492, 74.126, 75.816, 77.86, 
    78.553, 50.643, 55.118, 57.863, 59.963, 61.623, 63.837, 66.653, 
    67.768, 68.421, 70.313, 71.682, 72.889, 57.206, 60.026, 62.842, 
    65.424, 67.849, 70.75, 73.45, 74.752, 75.713, 77.26, 78.123, 
    78.782, 59.421, 62.325, 65.246, 68.29, 70.723, 72.649, 73.717, 
    74.174, 74.414, 76.151, 77.158, 78.273, 45.928, 49.828, 53.459, 
    56.751, 59.631, 61.788, 63.727, 66.046, 68.457, 69.957, 70.847, 
    72.235, 48.357, 51.356, 54.64, 56.678, 58.796, 61.31, 64.342, 
    67.231, 69.613, 72.312, 74.173, 74.994, 45.262, 48.57, 52.307, 
    55.855, 58.207, 56.696, 56.604, 63.154, 66.798, 69.535, 70.734, 
    71.878, 42.023, 44.142, 46.954, 50.016, 53.738, 56.029, 58.137, 
    60.782, 63.373, 66.322, 68.978, 70.259, 37.579, 40.696, 43.59, 
    46.243, 48.042, 49.923, 51.461, 53.636, 55.089, 56.671, 58.137, 
    60.916, 41.912, 44.665, 48.041, 50.924, 53.884, 57.402, 60.909, 
    64.492, 66.399, 67.659, 68.565, 70.198, 58.53, 62.61, 65.61, 
    67.51, 69, 70.11, 71.21, 71.77, 71.766, 72.262, 72.047, 72.567, 
    50.789, 55.19, 58.299, 60.11, 62.361, 65.032, 67.405, 69.498, 
    71.455, 73.67, 74.902, 76.195, 42.314, 45.432, 48.632, 51.884, 
    55.151, 57.47, 59.298, 62.008, 65.843, 68.426, 70.836, 72.899, 
    55.191, 59.201, 61.817, 64.071, 66.216, 68.681, 70.472, 71.523, 
    72.462, 73.738, 74.712, 75.537, 62.649, 63.196, 64.361, 64.951, 
    65.815, 66.353, 66.874, 67.378, 68.225, 69.4, 70.755, 71.752, 
    43.902, 46.263, 49.096, 51.445, 55.448, 58.447, 61.406, 64.134, 
    66.458, 68.386, 69.906, 71.421, 64.28, 68.54, 69.62, 71.1, 
    72.16, 73.44, 73.75, 74.63, 73.911, 74.917, 77.778, 78.746, 
    59.1, 61.8, 64.9, 65.4, 65.9, 68.3, 68.832, 69.582, 69.862, 
    69.465, 68.976, 69.819, 68.44, 69.49, 70.21, 70.76, 71.34, 
    73.38, 74.65, 75.02, 76.09, 76.81, 77.31, 78.242, 66.071, 
    67.044, 68.253, 68.468, 68.673, 69.481, 70.805, 71.918, 72.752, 
    74.223, 75.307, 76.384, 55.088, 57.907, 60.77, 63.479, 65.712, 
    67.456, 68.557, 70.19, 71.15, 72.146, 72.766, 73.747),