structure(list(country = structure(c(1L, 1L, 1L, 1L, 1L, 1L, 
1L, 1L, 1L, 1L, 1L, 1L, 2L, 2L, 2L, 2L, 2L, 2L, 2L, 2L, 2L, 2L, 
2L, 2L, 3L, 3L, 3L, 3L, 3L, 3L, 3L, 3L, 3L, 3L, 3L, 3L, 4L, 4L, 
4L, 4L, 4L, 4L, 4L, 4L, 4L, 4L, 4L, 4L, 5L, 5L, 5L, 5L, 5L, 5L, 
5L, 5L, 5L, 5L, 5L, 5L, 6L, 6L, 6L, 6L, 6L, 6L, 6L, 6L, 6L, 6L, 
6L, 6L, 7L, 7L, 7L, 7L, 7L, 7L, 7L, 7L, 7L, 7L, 7L, 7L, 8L, 8L, 
8L, 8L, 8L, 8L, 8L, 8L, 8L, 8L, 8L, 8L, 9L, 9L, 9L, 9L, 9L, 9L, 
9L, 9L, 9L, 9L, 9L, 9L, 10L, 10L, 10L, 10L, 10L, 10L, 10L, 10L, 
10L, 10L, 10L, 10L, 11L, 11L, 11L, 11L, 11L, 11L, 11L, 11L, 11L, 
11L, 11L, 11L, 12L, 12L, 12L, 12L, 12L, 12L, 12L, 12L, 12L, 12L, 
12L, 12L, 13L, 13L, 13L, 13L, 13L, 13L, 13L, 13L, 13L, 13L, 13L, 
13L, 14L, 14L, 14L, 14L, 14L, 14L, 14L, 14L, 14L, 14L, 14L, 14L, 
15L, 15L, 15L, 15L, 15L, 15L, 15L, 15L, 15L, 15L, 15L, 15L, 16L, 
16L, 16L, 16L, 16L, 16L, 16L, 16L, 16L, 16L, 16L, 16L, 17L, 17L, 
17L, 17L, 17L, 17L, 17L, 17L, 17L, 17L, 17L, 17L, 18L, 18L, 18L, 
18L, 18L, 18L, 18L, 18L, 18L, 18L, 18L, 18L, 19L, 19L, 19L, 19L, 
19L, 19L, 19L, 19L, 19L, 19L, 19L, 19L, 20L, 20L, 20L, 20L, 20L, 
20L, 20L, 20L, 20L, 20L, 20L, 20L, 21L, 21L, 21L, 21L, 21L, 21L, 
21L, 21L, 21L, 21L, 21L, 21L, 22L, 22L, 22L, 22L, 22L, 22L, 22L, 
22L, 22L, 22L, 22L, 22L, 23L, 23L, 23L, 23L, 23L, 23L, 23L, 23L, 
23L, 23L, 23L, 23L, 24L, 24L, 24L, 24L, 24L, 24L, 24L, 24L, 24L, 
24L, 24L, 24L, 25L, 25L, 25L, 25L, 25L, 25L, 25L, 25L, 25L, 25L, 
25L, 25L, 26L, 26L, 26L, 26L, 26L, 26L, 26L, 26L, 26L, 26L, 26L, 
26L, 27L, 27L, 27L, 27L, 27L, 27L, 27L, 27L, 27L, 27L, 27L, 27L, 
28L, 28L, 28L, 28L, 28L, 28L, 28L, 28L, 28L, 28L, 28L, 28L, 29L, 
29L, 29L, 29L, 29L, 29L, 29L, 29L, 29L, 29L, 29L, 29L, 30L, 30L, 
30L, 30L, 30L, 30L, 30L, 30L, 30L, 30L, 30L, 30L, 31L, 31L, 31L, 
31L, 31L, 31L, 31L, 31L, 31L, 31L, 31L, 31L, 32L, 32L, 32L, 32L, 
32L, 32L, 32L, 32L, 32L, 32L, 32L, 32L, 33L, 33L, 33L, 33L, 33L, 
33L, 33L, 33L, 33L, 33L, 33L, 33L), .Label = c("Afghanistan", 
"Bahrain", "Bangladesh", "Cambodia", "China", "Hong Kong, China", 
"India", "Indonesia", "Iran", "Iraq", "Israel", "Japan", "Jordan", 
"Korea, Dem. Rep.", "Korea, Rep.", "Kuwait", "Lebanon", "Malaysia", 
"Mongolia", "Myanmar", "Nepal", "Oman", "Pakistan", "Philippines", 
"Saudi Arabia", "Singapore", "Sri Lanka", "Syria", "Taiwan", 
"Thailand", "Vietnam", "West Bank and Gaza", "Yemen, Rep."), class = "factor"), 
    continent = structure(c(1L, 1L, 1L, 1L, 1L, 1L, 1L, 1L, 1L, 
    1L, 1L, 1L, 1L, 1L, 1L, 1L, 1L, 1L, 1L, 1L, 1L, 1L, 1L, 1L, 
    1L, 1L, 1L, 1L, 1L, 1L, 1L, 1L, 1L, 1L, 1L, 1L, 1L, 1L, 1L, 
    1L, 1L, 1L, 1L, 1L, 1L, 1L, 1L, 1L, 1L, 1L, 1L, 1L, 1L, 1L, 
    1L, 1L, 1L, 1L, 1L, 1L, 1L, 1L, 1L, 1L, 1L, 1L, 1L, 1L, 1L, 
    1L, 1L, 1L, 1L, 1L, 1L, 1L, 1L, 1L, 1L, 1L, 1L, 1L, 1L, 1L, 
    1L, 1L, 1L, 1L, 1L, 1L, 1L, 1L, 1L, 1L, 1L, 1L, 1L, 1L, 1L, 
    1L, 1L, 1L, 1L, 1L, 1L, 1L, 1L, 1L, 1L, 1L, 1L, 1L, 1L, 1L, 
    1L, 1L, 1L, 1L, 1L, 1L, 1L, 1L, 1L, 1L, 1L, 1L, 1L, 1L, 1L, 
    1L, 1L, 1L, 1L, 1L, 1L, 1L, 1L, 1L, 1L, 1L, 1L, 1L, 1L, 1L, 
    1L, 1L, 1L, 1L, 1L, 1L, 1L, 1L, 1L, 1L, 1L, 1L, 1L, 1L, 1L, 
    1L, 1L, 1L, 1L, 1L, 1L, 1L, 1L, 1L, 1L, 1L, 1L, 1L, 1L, 1L, 
    1L, 1L, 1L, 1L, 1L, 1L, 1L, 1L, 1L, 1L, 1L, 1L, 1L, 1L, 1L, 
    1L, 1L, 1L, 1L, 1L, 1L, 1L, 1L, 1L, 1L, 1L, 1L, 1L, 1L, 1L, 
    1L, 1L, 1L, 1L, 1L, 1L, 1L, 1L, 1L, 1L, 1L, 1L, 1L, 1L, 1L, 
    1L, 1L, 1L, 1L, 1L, 1L, 1L, 1L, 1L, 1L, 1L, 1L, 1L, 1L, 1L, 
    1L, 1L, 1L, 1L, 1L, 1L, 1L, 1L, 1L, 1L, 1L, 1L, 1L, 1L, 1L, 
    1L, 1L, 1L, 1L, 1L, 1L, 1L, 1L, 1L, 1L, 1L, 1L, 1L, 1L, 1L, 
    1L, 1L, 1L, 1L, 1L, 1L, 1L, 1L, 1L, 1L, 1L, 1L, 1L, 1L, 1L, 
    1L, 1L, 1L, 1L, 1L, 1L, 1L, 1L, 1L, 1L, 1L, 1L, 1L, 1L, 1L, 
    1L, 1L, 1L, 1L, 1L, 1L, 1L, 1L, 1L, 1L, 1L, 1L, 1L, 1L, 1L, 
    1L, 1L, 1L, 1L, 1L, 1L, 1L, 1L, 1L, 1L, 1L, 1L, 1L, 1L, 1L, 
    1L, 1L, 1L, 1L, 1L, 1L, 1L, 1L, 1L, 1L, 1L, 1L, 1L, 1L, 1L, 
    1L, 1L, 1L, 1L, 1L, 1L, 1L, 1L, 1L, 1L, 1L, 1L, 1L, 1L, 1L, 
    1L, 1L, 1L, 1L, 1L, 1L, 1L, 1L, 1L, 1L, 1L, 1L, 1L, 1L, 1L, 
    1L, 1L, 1L, 1L, 1L, 1L, 1L, 1L, 1L, 1L, 1L, 1L, 1L, 1L, 1L, 
    1L, 1L, 1L, 1L, 1L, 1L, 1L, 1L, 1L, 1L, 1L, 1L), .Label = "Asia", class = "factor"), 
    year = c(1952L, 1957L, 1962L, 1967L, 1972L, 1977L, 1982L, 
    1987L, 1992L, 1997L, 2002L, 2007L, 1952L, 1957L, 1962L, 1967L, 
    1972L, 1977L, 1982L, 1987L, 1992L, 1997L, 2002L, 2007L, 1952L, 
    1957L, 1962L, 1967L, 1972L, 1977L, 1982L, 1987L, 1992L, 1997L, 
    2002L, 2007L, 1952L, 1957L, 1962L, 1967L, 1972L, 1977L, 1982L, 
    1987L, 1992L, 1997L, 2002L, 2007L, 1952L, 1957L, 1962L, 1967L, 
    1972L, 1977L, 1982L, 1987L, 1992L, 1997L, 2002L, 2007L, 1952L, 
    1957L, 1962L, 1967L, 1972L, 1977L, 1982L, 1987L, 1992L, 1997L, 
    2002L, 2007L, 1952L, 1957L, 1962L, 1967L, 1972L, 1977L, 1982L, 
    1987L, 1992L, 1997L, 2002L, 2007L, 1952L, 1957L, 1962L, 1967L, 
    1972L, 1977L, 1982L, 1987L, 1992L, 1997L, 2002L, 2007L, 1952L, 
    1957L, 1962L, 1967L, 1972L, 1977L, 1982L, 1987L, 1992L, 1997L, 
    2002L, 2007L, 1952L, 1957L, 1962L, 1967L, 1972L, 1977L, 1982L, 
    1987L, 1992L, 1997L, 2002L, 2007L, 1952L, 1957L, 1962L, 1967L, 
    1972L, 1977L, 1982L, 1987L, 1992L, 1997L, 2002L, 2007L, 1952L, 
    1957L, 1962L, 1967L, 1972L, 1977L, 1982L, 1987L, 1992L, 1997L, 
    2002L, 2007L, 1952L, 1957L, 1962L, 1967L, 1972L, 1977L, 1982L, 
    1987L, 1992L, 1997L, 2002L, 2007L, 1952L, 1957L, 1962L, 1967L, 
    1972L, 1977L, 1982L, 1987L, 1992L, 1997L, 2002L, 2007L, 1952L, 
    1957L, 1962L, 1967L, 1972L, 1977L, 1982L, 1987L, 1992L, 1997L, 
    2002L, 2007L, 1952L, 1957L, 1962L, 1967L, 1972L, 1977L, 1982L, 
    1987L, 1992L, 1997L, 2002L, 2007L, 1952L, 1957L, 1962L, 1967L, 
    1972L, 1977L, 1982L, 1987L, 1992L, 1997L, 2002L, 2007L, 1952L, 
    1957L, 1962L, 1967L, 1972L, 1977L, 1982L, 1987L, 1992L, 1997L, 
    2002L, 2007L, 1952L, 1957L, 1962L, 1967L, 1972L, 1977L, 1982L, 
    1987L, 1992L, 1997L, 2002L, 2007L, 1952L, 1957L, 1962L, 1967L, 
    1972L, 1977L, 1982L, 1987L, 1992L, 1997L, 2002L, 2007L, 1952L, 
    1957L, 1962L, 1967L, 1972L, 1977L, 1982L, 1987L, 1992L, 1997L, 
    2002L, 2007L, 1952L, 1957L, 1962L, 1967L, 1972L, 1977L, 1982L, 
    1987L, 1992L, 1997L, 2002L, 2007L, 1952L, 1957L, 1962L, 1967L, 
    1972L, 1977L, 1982L, 1987L, 1992L, 1997L, 2002L, 2007L, 1952L, 
    1957L, 1962L, 1967L, 1972L, 1977L, 1982L, 1987L, 1992L, 1997L, 
    2002L, 2007L, 1952L, 1957L, 1962L, 1967L, 1972L, 1977L, 1982L, 
    1987L, 1992L, 1997L, 2002L, 2007L, 1952L, 1957L, 1962L, 1967L, 
    1972L, 1977L, 1982L, 1987L, 1992L, 1997L, 2002L, 2007L, 1952L, 
    1957L, 1962L, 1967L, 1972L, 1977L, 1982L, 1987L, 1992L, 1997L, 
    2002L, 2007L, 1952L, 1957L, 1962L, 1967L, 1972L, 1977L, 1982L, 
    1987L, 1992L, 1997L, 2002L, 2007L, 1952L, 1957L, 1962L, 1967L, 
    1972L, 1977L, 1982L, 1987L, 1992L, 1997L, 2002L, 2007L, 1952L, 
    1957L, 1962L, 1967L, 1972L, 1977L, 1982L, 1987L, 1992L, 1997L, 
    2002L, 2007L, 1952L, 1957L, 1962L, 1967L, 1972L, 1977L, 1982L, 
    1987L, 1992L, 1997L, 2002L, 2007L, 1952L, 1957L, 1962L, 1967L, 
    1972L, 1977L, 1982L, 1987L, 1992L, 1997L, 2002L, 2007L, 1952L, 
    1957L, 1962L, 1967L, 1972L, 1977L, 1982L, 1987L, 1992L, 1997L, 
    2002L, 2007L),