structure(list(country = structure(c(1L, 1L, 1L, 1L, 1L, 1L, 
1L, 1L, 1L, 1L, 1L, 1L, 2L, 2L, 2L, 2L, 2L, 2L, 2L, 2L, 2L, 2L, 
2L, 2L), .Label = c("Australia", "New Zealand"), class = "factor"), 
    continent = structure(c(1L, 1L, 1L, 1L, 1L, 1L, 1L, 1L, 1L, 
    1L, 1L, 1L, 1L, 1L, 1L, 1L, 1L, 1L, 1L, 1L, 1L, 1L, 1L, 1L
    ), .Label = "Oceania", class = "factor"), year = c(1952L, 
    1957L, 1962L, 1967L, 1972L, 1977L, 1982L, 1987L, 1992L, 1997L, 
    2002L, 2007L, 1952L, 1957L, 1962L, 1967L, 1972L, 1977L, 1982L, 
    1987L, 1992L, 1997L, 2002L, 2007L), lifeExp = c(69.12, 70.33, 
    70.93, 71.1, 71.93, 73.49, 74.74, 76.32, 77.56, 78.83, 80.37, 
    81.235, 69.39, 70.26, 71.24, 71.52, 71.89, 72.22, 73.84, 
    74.32, 76.33, 77.55, 79.11, 80.204), pop = c(8691212L, 9712569L, 
    10794968L, 11872264L, 13177000L, 14074100L, 15184200L, 16257249L, 
    17481977L, 18565243L, 19546792L, 20434176L, 1994794L, 2229407L, 
    2488550L, 2728150L, 2929100L, 3164900L, 3210650L, 3317166L, 
    3437674L, 3676187L, 3908037L, 4115771L), gdpPercap = c(10039.59564, 
    10949.64959, 12217.22686, 14526.12465, 16788.62948, 18334.19751, 
    19477.00928, 21888.88903, 23424.76683, 26997.93657, 30687.75473, 
    34435.36744, 10556.57566, 12247.39532, 13175.678, 14463.91893, 
    16046.03728, 16233.7177, 17632.4104, 19007.19129, 18363.32494, 
    21050.41377, 23189.80135, 25185.00911)), row.names = c(NA, 
-24L), .Names = c("country", "continent", "year", "lifeExp", 
"pop", "gdpPercap"), class = c("tbl_df", "tbl", "data.frame"))
